N = 1000
Mean = 0.040791510343551635
Standard Deviation = 0.006933848137205402
