N = 1000
Mean = 0.08069052624702454
Standard Deviation = 0.0071295169572485875
