N = 1000
Mean = 0.10106144309043884
Standard Deviation = 0.007086009817142551
