N = 1000
Mean = 0.040791510343551635
Standard Deviation = 0.006933848137205402
N = 1000
Mean = 0.08069052624702454
Standard Deviation = 0.0071295169572485875
N = 1000
Mean = 0.10106144309043884
Standard Deviation = 0.007086009817142551
