r2-r1 = 0.21888071274757384
r2-r3 = 0.1038086895942688
r2-s = 0.10880740928649903
r2-d = 0.08780892205238343
