r1-s = 0.10480942749977112
r1-d = 0.07981409168243409
