r3-s = 0.0004964301586151123
r3-d = 0.0004977989196777344
