r1-s = 0.10480942749977112
r1-d = 0.07981409168243409
r2-r1 = 0.21888071274757384
r2-r3 = 0.1038086895942688
r2-s = 0.10880740928649903
r2-d = 0.08780892205238343
r3-s = 0.0004964301586151123
r3-d = 0.0004977989196777344
